6
100
0.197375 0.738824 0.600654 0.646332 0.420369 0.902229 
0.496749 0.0479303 0.613629 0.523707 0.988985 0.361514 
0.857547 0.791308 0.860911 0.42081 0.120753 0.551711 
0.89254 0.59693 0.223868 0.174473 0.850833 0.240234 
0.902524 0.445648 0.0614715 0.199088 0.553756 0.619281 
0.559595 0.824049 0.441463 0.690688 0.330446 0.919748 
0.482079 0.586548 0.179458 0.982549 0.533461 0.617541 
0.40952 0.204012 0.729261 0.338128 0.227074 0.16625 
0.10216 0.256245 0.509628 0.867391 0.68395 0.709421 
0.814671 0.585672 0.327772 0.347297 0.0765581 0.00747318 
0.840282 0.3699 0.428867 0.192114 0.579843 0.494691 
0.254912 0.781913 0.0326017 0.288005 0.201774 0.806456 
0.182152 0.047164 0.337857 0.668588 0.103073 0.302669 
0.922024 0.406231 0.797851 0.703862 0.547616 0.390959 
0.0404381 0.899953 0.47355 0.441656 0.161215 0.230944 
0.937866 0.763727 0.185099 0.342583 0.659652 0.300896 
0.921101 0.29772 0.310236 0.189324 0.0735804 0.720931 
0.987398 0.24632 0.724826 0.722629 0.0480231 0.734504 
0.0315464 0.933986 0.218079 0.0287874 0.0738868 0.930346 
0.171175 0.855704 0.504115 0.898701 0.511883 0.271442 
0.453011 0.911477 0.524647 0.361975 0.292311 0.277279 
0.613797 0.68789 0.295754 0.37198 0.533164 0.917 
0.85 0.807003 0.0113237 0.361775 0.360749 0.063067 
0.552311 0.165391 0.930016 0.739003 0.747572 0.729783 
0.3123 0.792133 0.638726 0.797071 0.985166 0.926439 
0.164413 0.693924 0.164957 0.189259 0.13956 0.650947 
0.372921 0.205109 0.644764 0.50425 0.764065 0.000821195 
0.737245 0.510287 0.782881 0.0937721 0.753959 0.280112 
0.255698 0.312362 0.117404 0.11664 0.717969 0.0308277 
0.640546 0.591677 0.766605 0.776984 0.729507 0.346886 
0.9732 0.204027 0.52034 0.747409 0.428672 0.187902 
0.667319 0.369896 0.726643 0.834763 0.444653 0.307628 
0.534069 0.842957 0.952348 0.897949 0.310936 0.303736 
0.947463 0.80203 0.700734 0.319861 0.0895796 0.993574 
0.908901 0.821681 0.851011 0.296216 0.489547 0.432812 
0.694822 0.600585 0.287072 0.255302 0.677829 0.515831 
0.0618621 0.901588 0.47508 0.788586 0.770345 0.592927 
0.238409 0.231476 0.293282 0.363704 0.0572542 0.496693 
0.78275 0.749696 0.774455 0.102354 0.0689853 0.0953914 
0.570479 0.550883 0.462333 0.75202 0.400113 0.39665 
0.424943 0.203596 0.144025 0.233319 0.656448 0.376831 
0.621062 0.690653 0.12965 0.669727 0.188612 0.870605 
0.968765 0.14167 0.641176 0.398903 0.674206 0.360515 
0.474593 0.303862 0.593778 0.857954 0.372241 0.467225 
0.0466969 0.012255 0.943343 0.708429 0.735162 0.2732 
0.572367 0.519614 0.749885 0.831595 0.569394 0.0561081 
0.105544 0.211455 0.155396 0.0460567 0.659119 0.126381 
0.432281 0.282694 0.99978 0.289957 0.591289 0.797248 
0.712458 0.268759 0.471161 0.33894 0.964215 0.600911 
0.721137 0.251612 0.945891 0.595424 0.840851 0.558109 
0.95786 0.200983 0.593667 0.704324 0.0997621 0.56157 
0.862256 0.704993 0.944283 0.384697 0.490364 0.453754 
0.900177 0.183086 0.7959 0.951313 0.625458 0.621956 
0.39885 0.551295 0.411867 0.72808 0.677849 0.388523 
0.203219 0.663715 0.420672 0.531267 0.61203 0.0284414 
0.67141 0.64248 0.102361 0.915484 0.124725 0.279897 
0.815013 0.388565 0.619274 0.866672 0.41947 0.207009 
0.249846 0.357047 0.439513 0.650231 0.509503 0.115819 
0.481664 0.79774 0.054741 0.900716 0.728974 0.990205 
0.105291 0.783681 0.0225682 0.823962 0.20477 0.382951 
0.280649 0.875891 0.61286 0.227372 0.0867124 0.856275 
0.481439 0.770331 0.0445654 0.874124 0.497427 0.559269 
0.381873 0.351762 0.955259 0.134654 0.609329 0.0040942 
0.797798 0.879693 0.710561 0.00298484 0.429033 0.888149 
0.586761 0.908286 0.290487 0.406601 0.822033 0.664179 
0.636545 0.174179 0.575862 0.97503 0.780338 0.849889 
0.402693 0.567161 0.672361 0.801366 0.551029 0.404354 
0.903521 0.703963 0.00635336 0.114338 0.34493 0.00964215 
0.740322 0.268183 0.876405 0.111203 0.461313 0.922341 
0.20876 0.605376 0.0723462 0.68938 0.751314 0.661107 
0.997293 0.795943 0.322835 0.250555 0.0848286 0.737681 
0.328158 0.230776 0.479595 0.192425 0.287155 0.712 
0.236409 0.536339 0.103206 0.0888363 0.175794 0.507815 
0.684203 0.307825 0.127328 0.92681 0.120773 0.11423 
0.490559 0.152147 0.151756 0.673048 0.196869 0.0374542 
0.729042 0.235766 0.993123 0.580417 0.85869 0.892122 
0.698107 0.979462 0.598916 0.240701 0.34732 0.40397 
0.634055 0.31261 0.933578 0.567126 0.288312 0.513037 
0.480767 0.699605 0.316264 0.756547 0.332659 0.298672 
0.524568 0.566369 0.92922 0.237718 0.849753 0.282488 
0.0307565 0.26426 0.346485 0.929187 0.692545 0.974515 
0.506086 0.750678 0.738258 0.436655 0.281875 0.21329 
0.0483193 0.7176 0.477113 0.238412 0.5581 0.218674 
0.913267 0.183584 0.956471 0.305873 0.583536 0.45205 
0.602258 0.362809 0.0658509 0.918639 0.156616 0.288948 
0.624566 0.462402 0.173207 0.561161 0.224573 0.783956 
0.387885 0.287083 0.24796 0.68314 0.350822 0.717117 
0.184981 0.535724 0.587157 0.135015 0.246331 0.0847688 
0.935851 0.883825 0.258115 0.282307 0.485758 0.602597 
0.201978 0.433248 0.205737 0.752043 0.567454 0.471447 
0.33013 0.911346 0.247647 0.59398 0.0895097 0.554148 
0.844526 0.505759 0.909438 0.353539 0.135973 0.652145 
0.250496 0.488336 0.550268 0.072459 0.394711 0.76155 
0.0773594 0.536205 0.649225 0.317729 0.0595773 0.642291 
0.600368 0.957166 0.574691 0.0348148 0.329914 0.864457 
0.661392 0.618661 0.734074 0.719631 0.633053 0.0872021 
0.659392 0.486075 0.486053 0.418564 0.7743 0.530302 
0.993849 0.356408 0.834181 0.815785 0.080261 0.572175 
0.962256 0.917685 0.272162 0.298295 0.0565016 0.400651 
0.674324 0.339175 0.353197 0.796278 0.143724 0.937208 
