6
1000
0.615251 0.489407 0.250008 0.95327 0.200818 0.20798 
0.0317421 0.887328 0.24332 0.932176 0.425288 0.902305 
0.298471 0.357233 0.379679 0.156796 0.915303 0.0976087 
0.143642 0.701917 0.851697 0.632586 0.915495 0.732878 
0.341629 0.693165 0.835208 0.779928 0.341628 0.26212 
0.771277 0.0495353 0.398972 0.808262 0.829295 0.11726 
0.268969 0.871262 0.888322 0.837972 0.0713614 0.239915 
0.524227 0.145218 0.79015 0.251618 0.775446 0.470286 
0.30867 0.820454 0.230255 0.0644742 0.119963 0.42828 
0.197375 0.738824 0.600654 0.646332 0.420369 0.902229 
0.62178 0.619782 0.453597 0.43587 0.638112 0.637262 
0.464258 0.728237 0.45799 0.117932 0.691916 0.927852 
0.8437 0.0582602 0.957095 0.367597 0.812517 0.23185 
0.697763 0.470195 0.298756 0.659701 0.116451 0.728722 
0.0811406 0.509604 0.518827 0.364968 0.643801 0.21172 
0.260376 0.0548302 0.67159 0.494774 0.85305 0.978225 
0.515213 0.364576 0.0440354 0.914671 0.658487 0.749987 
0.268572 0.991417 0.792091 0.494301 0.737749 0.042774 
0.47026 0.994893 0.384887 0.461257 0.892431 0.928869 
0.496749 0.0479303 0.613629 0.523707 0.988985 0.361514 
0.654293 0.0687161 0.444849 0.235306 0.625567 0.435445 
0.951439 0.823967 0.742765 0.798796 0.414697 0.133776 
0.0327779 0.60102 0.968233 0.585498 0.473123 0.148766 
0.804942 0.976419 0.607958 0.673833 0.0186598 0.725869 
0.524845 0.00328432 0.429668 0.736709 0.992593 0.884571 
0.0458901 0.419038 0.176193 0.319651 0.241702 0.704122 
0.919881 0.117996 0.0135723 0.510148 0.0961717 0.214324 
0.452196 0.909207 0.979534 0.189382 0.918181 0.724113 
0.754557 0.526326 0.540921 0.108325 0.925616 0.653837 
0.857547 0.791308 0.860911 0.42081 0.120753 0.551711 
0.137913 0.922905 0.433268 0.275301 0.597661 0.0486353 
0.182894 0.787668 0.53939 0.275014 0.822727 0.719944 
0.228089 0.317466 0.373997 0.487439 0.291302 0.540037 
0.612385 0.0780856 0.146836 0.587866 0.0589474 0.864955 
0.431738 0.535623 0.803933 0.904234 0.91352 0.981014 
0.103287 0.40788 0.815055 0.99628 0.719635 0.263652 
0.0787365 0.832133 0.48987 0.536943 0.634893 0.37165 
0.183745 0.144105 0.417673 0.610396 0.347935 0.627915 
0.197155 0.55037 0.683841 0.623696 0.700691 0.108874 
0.89254 0.59693 0.223868 0.174473 0.850833 0.240234 
0.278931 0.513633 0.961746 0.160569 0.312464 0.744326 
0.845274 0.174014 0.350323 0.150117 0.833991 0.164565 
0.0964933 0.452426 0.567411 0.249003 0.566528 0.672063 
0.312141 0.957377 0.484058 0.849242 0.846752 0.207885 
0.315168 0.64782 0.131353 0.999216 0.928937 0.918751 
0.581226 0.080044 0.835208 0.374278 0.0873133 0.299955 
0.362858 0.876347 0.233996 0.373712 0.0201088 0.344597 
0.440716 0.911071 0.957664 0.375748 0.657385 0.138042 
0.726166 0.0167648 0.891608 0.205813 0.712694 0.460266 
0.902524 0.445648 0.0614715 0.199088 0.553756 0.619281 
0.155089 0.217924 0.651711 0.955211 0.0404362 0.320917 
0.678682 0.430777 0.293192 0.292229 0.763103 0.681194 
0.0317526 0.963311 0.287614 0.796134 0.742646 0.758965 
0.0791421 0.571215 0.843607 0.216092 0.74284 0.0489428 
0.791348 0.695091 0.454943 0.15401 0.0292878 0.320835 
0.789685 0.638676 0.0373198 0.960172 0.957613 0.400643 
0.534951 0.610296 0.457589 0.772296 0.00744778 0.603018 
0.685294 0.536929 0.492302 0.929038 0.65273 0.0963865 
0.841643 0.594312 0.774381 0.581109 0.54315 0.280659 
0.559595 0.824049 0.441463 0.690688 0.330446 0.919748 
0.534354 0.770839 0.912483 0.787966 0.920538 0.568761 
0.203784 0.266398 0.182402 0.0091607 0.824445 0.668915 
0.321635 0.223534 0.0255139 0.138696 0.588254 0.94959 
0.041548 0.435926 0.731921 0.899949 0.523227 0.958345 
0.593032 0.478349 0.562554 0.568031 0.610417 0.514723 
0.348095 0.41479 0.502901 0.679906 0.509971 0.767493 
0.705259 0.169619 0.751902 0.617372 0.806197 0.692312 
0.592103 0.810846 0.765173 0.381907 0.104201 0.373704 
0.287647 0.916483 0.361965 0.650658 0.13804 0.0925751 
0.482079 0.586548 0.179458 0.982549 0.533461 0.617541 
0.995195 0.200912 0.16405 0.0296174 0.144401 0.483964 
0.915403 0.76501 0.832812 0.713632 0.929594 0.624033 
0.626796 0.519062 0.691261 0.634333 0.66246 0.159923 
0.0121268 0.316786 0.577689 0.711148 0.529369 0.0447285 
0.146373 0.644249 0.950881 0.370759 0.164307 0.0638734 
0.844562 0.0212988 0.685246 0.974232 0.983778 0.0487253 
0.833655 0.696917 0.646917 0.209358 0.776633 0.743033 
0.133951 0.573308 0.845471 0.170952 0.323371 0.209743 
0.0752385 0.297015 0.67858 0.0675597 0.660925 0.979957 
0.40952 0.204012 0.729261 0.338128 0.227074 0.16625 
0.913239 0.974235 0.729006 0.441943 0.938351 0.997175 
0.531428 0.683544 0.7489 0.631696 0.466884 0.117197 
0.102308 0.435514 0.183686 0.656274 0.693037 0.391727 
0.833328 0.890048 0.726026 0.304432 0.524878 0.193489 
0.134007 0.520245 0.54343 0.113006 0.25631 0.758387 
0.682477 0.210878 0.530872 0.138781 0.562141 0.957104 
0.68522 0.239877 0.93373 0.508628 0.18849 0.197682 
0.902159 0.3288 0.355769 0.614131 0.226932 0.515971 
0.419457 0.917176 0.0458072 0.869904 0.606392 0.972439 
0.10216 0.256245 0.509628 0.867391 0.68395 0.709421 
0.107792 0.553807 0.120017 0.403963 0.938972 0.313113 
0.432269 0.652057 0.504811 0.000285156 0.93099 0.130115 
0.807737 0.164759 0.866369 0.936063 0.710614 0.250752 
0.189433 0.399282 0.29697 0.500963 0.730109 0.967986 
0.355107 0.443438 0.878087 0.395532 0.00398735 0.0197571 
0.734879 0.975058 0.601812 0.714272 0.199072 0.225318 
0.937343 0.260703 0.793071 0.85057 0.619697 0.600087 
0.512763 0.42062 0.952446 0.531112 0.261664 0.533736 
0.896252 0.493492 0.504522 0.345477 0.944127 0.129159 
0.814671 0.585672 0.327772 0.347297 0.0765581 0.00747318 
0.380199 0.80404 0.959499 0.836609 0.911128 0.458155 
0.65336 0.0869501 0.265991 0.518969 0.329345 0.867164 
0.140895 0.0564763 0.521071 0.466163 0.319926 0.834987 
0.885169 0.788775 0.996487 0.904404 0.930919 0.530892 
0.443883 0.718177 0.50794 0.995943 0.286095 0.46043 
0.314911 0.13165 0.825043 0.495595 0.847595 0.0165678 
0.798296 0.756406 0.13839 0.926163 0.387012 0.617604 
0.388512 0.53746 0.873811 0.71859 0.877428 0.37986 
0.419567 0.277053 0.251366 0.728134 0.723689 0.900113 
0.840282 0.3699 0.428867 0.192114 0.579843 0.494691 
0.186327 0.806419 0.580185 0.86801 0.0721162 0.507208 
0.126187 0.73125 0.341327 0.272067 0.275339 0.0238454 
0.925107 0.909795 0.794962 0.456549 0.169872 0.353754 
0.696321 0.986924 0.155909 0.516041 0.759651 0.997963 
0.980887 0.715518 0.568069 0.027459 0.406099 0.55962 
0.196637 0.593665 0.318302 0.591596 0.902439 0.0674967 
0.785776 0.074212 0.777841 0.837901 0.542974 0.775823 
0.575364 0.636868 0.0687961 0.747192 0.29917 0.490777 
0.660709 0.711802 0.555084 0.798172 0.129062 0.692811 
0.254912 0.781913 0.0326017 0.288005 0.201774 0.806456 
0.274058 0.244162 0.177651 0.504685 0.819187 0.49382 
0.341484 0.963972 0.866172 0.339371 0.960461 0.199138 
0.608975 0.155198 0.268181 0.319046 0.738331 0.797595 
0.483072 0.905834 0.482305 0.873363 0.68683 0.246496 
0.810264 0.159148 0.786132 0.294946 0.101468 0.546337 
0.744484 0.0779857 0.276455 0.168149 0.813564 0.728216 
0.0307616 0.630301 0.115217 0.175405 0.602703 0.8968 
0.67957 0.648731 0.256016 0.455168 0.58564 0.909003 
0.835732 0.862365 0.577067 0.655545 0.703916 0.376902 
0.182152 0.047164 0.337857 0.668588 0.103073 0.302669 
0.403299 0.76207 0.0701512 0.415894 0.113596 0.0142118 
0.511418 0.240533 0.728452 0.701673 0.60517 0.0465039 
0.268142 0.899611 0.890864 0.998245 0.0518302 0.839295 
0.311926 0.894178 0.459082 0.678252 0.524237 0.42004 
0.0400025 0.86942 0.4086 0.802841 0.00635359 0.168115 
0.650255 0.535397 0.792556 0.302371 0.804163 0.453853 
0.0119078 0.84454 0.709358 0.232106 0.654576 0.054995 
0.510942 0.0115777 0.289244 0.854499 0.180537 0.454306 
0.895693 0.91583 0.188904 0.953406 0.784279 0.975416 
0.922024 0.406231 0.797851 0.703862 0.547616 0.390959 
0.384335 0.207292 0.906094 0.06634 0.0835997 0.742921 
0.500595 0.30928 0.692458 0.082555 0.0111754 0.849289 
0.0805334 0.66718 0.334614 0.720448 0.0417209 0.366136 
0.335298 0.505918 0.74674 0.996361 0.276042 0.683507 
0.393265 0.437093 0.0342807 0.0115095 0.589268 0.0498339 
0.401692 0.583529 0.112648 0.889085 0.967352 0.00129706 
0.93924 0.505819 0.810896 0.429263 0.543073 0.608138 
0.909741 0.0744358 0.0303696 0.639933 0.172816 0.321984 
0.98798 0.202115 0.814221 0.465962 0.925548 0.145673 
0.0404381 0.899953 0.47355 0.441656 0.161215 0.230944 
0.853772 0.821781 0.370893 0.992599 0.549335 0.592125 
0.843364 0.973797 0.425741 0.159066 0.197034 0.537211 
0.292475 0.35603 0.97718 0.176752 0.643165 0.542923 
0.402899 0.99758 0.736214 0.25024 0.138851 0.824867 
0.400059 0.524188 0.106558 0.753362 0.297051 0.362993 
0.280246 0.220251 0.00273992 0.508976 0.503046 0.507279 
0.538377 0.0456811 0.596011 0.363883 0.146366 0.106423 
0.996128 0.951901 0.849822 0.114866 0.533156 0.307973 
0.569477 0.953028 0.396713 0.785325 0.694657 0.128931 
0.937866 0.763727 0.185099 0.342583 0.659652 0.300896 
0.391999 0.643898 0.686897 0.332956 0.170934 0.91593 
0.163013 0.0882321 0.60469 0.675442 0.339949 0.864392 
0.175137 0.0932944 0.343147 0.280504 0.664389 0.665428 
0.441779 0.810618 0.0235516 0.0646182 0.631882 0.61636 
0.301482 0.972725 0.303918 0.260985 0.849666 0.351234 
0.627324 0.307275 0.263401 0.315015 0.353703 0.734054 
0.877118 0.961196 0.140264 0.0514576 0.626523 0.087886 
0.731058 0.886868 0.273146 0.565408 0.9776 0.794026 
0.410129 0.692695 0.974413 0.387369 0.194531 0.41828 
0.921101 0.29772 0.310236 0.189324 0.0735804 0.720931 
0.897906 0.916363 0.33297 0.887969 0.270068 0.496392 
0.882402 0.949865 0.126476 0.713219 0.71707 0.472089 
0.732566 0.208152 0.577165 0.252321 0.699508 0.25355 
0.276141 0.225025 0.170737 0.472919 0.337535 0.769868 
0.178724 0.130406 0.658877 0.706585 0.493407 0.0144158 
0.580063 0.546937 0.14751 0.670494 0.879406 0.764616 
0.236644 0.399574 0.890305 0.759304 0.156075 0.338166 
0.895441 0.561802 0.648681 0.693973 0.897854 0.224653 
0.32331 0.172261 0.977689 0.398813 0.967343 0.870448 
0.987398 0.24632 0.724826 0.722629 0.0480231 0.734504 
0.962948 0.921039 0.906688 0.300783 0.740851 0.198257 
0.368019 0.623537 0.188891 0.448309 0.414131 0.514246 
0.512119 0.771509 0.682129 0.135878 0.255969 0.514865 
0.986002 0.836214 0.411274 0.720453 0.514682 0.627053 
0.178599 0.849157 0.428657 0.725925 0.0801765 0.986373 
0.0882317 0.660245 0.741161 0.0765966 0.434924 0.45259 
0.172648 0.862577 0.0617314 0.910348 0.13599 0.758806 
0.461319 0.627844 0.877857 0.981079 0.910192 0.602632 
0.255027 0.628581 0.997014 0.604227 0.0847465 0.265041 
0.0315464 0.933986 0.218079 0.0287874 0.0738868 0.930346 
0.344577 0.861585 0.152446 0.467112 0.533319 0.776183 
0.181771 0.800666 0.429025 0.784279 0.0955957 0.434293 
0.556007 0.475608 0.41572 0.674363 0.780436 0.907861 
0.155761 0.572706 0.780924 0.758642 0.804034 0.405886 
0.101876 0.0665903 0.945012 0.894279 0.533619 0.97309 
0.295013 0.285688 0.0784911 0.74142 0.851642 0.545683 
0.55758 0.348613 0.304196 0.494607 0.139386 0.0976121 
0.293036 0.717099 0.29837 0.537119 0.334662 0.576946 
0.800557 0.63422 0.891797 0.656187 0.73428 0.856976 
0.171175 0.855704 0.504115 0.898701 0.511883 0.271442 
0.54089 0.934139 0.700694 0.833252 0.760935 0.0373529 
0.754492 0.417488 0.420185 0.541329 0.986537 0.445024 
0.734342 0.141015 0.511724 0.210603 0.886874 0.208277 
0.505162 0.11666 0.287904 0.791171 0.114349 0.767338 
0.624188 0.377272 0.418072 0.690368 0.177728 0.446487 
0.868132 0.687607 0.359499 0.769813 0.436256 0.134035 
0.606132 0.729848 0.49024 0.581716 0.891778 0.832528 
0.176582 0.679546 0.011335 0.520026 0.453926 0.154873 
0.111381 0.538734 0.0339477 0.397078 0.279211 0.890627 
0.453011 0.911477 0.524647 0.361975 0.292311 0.277279 
0.173764 0.0750734 0.746042 0.4507 0.787079 0.385423 
0.746509 0.212902 0.992686 0.949055 0.290424 0.990709 
0.653435 0.660745 0.143002 0.105339 0.769086 0.274251 
0.224736 0.98837 0.626067 0.493491 0.618646 0.900347 
0.510325 0.308552 0.789813 0.921023 0.554828 0.664445 
0.227284 0.66246 0.00648292 0.593165 0.0643241 0.270933 
0.354592 0.412316 0.592826 0.639151 0.753492 0.440165 
0.558962 0.328226 0.163353 0.873577 0.963548 0.0119965 
0.739688 0.520085 0.626909 0.120019 0.0491737 0.167711 
0.613797 0.68789 0.295754 0.37198 0.533164 0.917 
0.255862 0.287664 0.673652 0.360836 0.00394546 0.0229347 
0.948827 0.589246 0.284957 0.971998 0.651836 0.407294 
0.958556 0.223393 0.795319 0.979161 0.495401 0.0868629 
0.0872265 0.584178 0.137103 0.241263 0.995651 0.935991 
0.806165 0.387369 0.113418 0.873255 0.706381 0.136195 
0.940608 0.7059 0.420904 0.48222 0.418798 0.182576 
0.842208 0.593333 0.376742 0.400095 0.328539 0.890873 
0.347307 0.442917 0.309204 0.879877 0.291005 0.47203 
0.868835 0.290386 0.800335 0.739928 0.468611 0.191162 
0.85 0.807003 0.0113237 0.361775 0.360749 0.063067 
0.839551 0.511084 0.36257 0.454265 0.740608 0.591462 
0.814092 0.63988 0.170323 0.124789 0.564324 0.105303 
0.973534 0.57442 0.281081 0.319769 0.055725 0.486196 
0.404776 0.155629 0.970589 0.964814 0.988553 0.399393 
0.46916 0.237699 0.0318163 0.119983 0.0260701 0.201937 
0.310483 0.331754 0.492016 0.0656166 0.0291197 0.944538 
0.24446 0.885174 0.253104 0.742438 0.591131 0.758905 
0.423647 0.35798 0.069448 0.120968 0.948364 0.333196 
0.57461 0.723803 0.797136 0.539489 0.314542 0.846821 
0.552311 0.165391 0.930016 0.739003 0.747572 0.729783 
0.609978 0.403205 0.589262 0.468136 0.191177 0.708852 
0.957187 0.348972 0.465604 0.791777 0.50748 0.734212 
0.687601 0.857203 0.384774 0.820928 0.760127 0.515893 
0.136996 0.920997 0.135319 0.60841 0.753588 0.332545 
0.872269 0.0541963 0.576793 0.261887 0.0962212 0.470979 
0.920273 0.0402552 0.0196348 0.00331867 0.852909 0.0798543 
0.899089 0.77737 0.798876 0.153651 0.670691 0.0126849 
0.865997 0.992243 0.930573 0.473108 0.208115 0.00759847 
0.0773549 0.125536 0.216026 0.319841 0.0541483 0.590591 
0.3123 0.792133 0.638726 0.797071 0.985166 0.926439 
0.314365 0.319281 0.486054 0.0181124 0.259093 0.711507 
0.0868328 0.564998 0.913707 0.343178 0.403286 0.795641 
0.0241987 0.137745 0.735618 0.361227 0.458429 0.0488512 
0.928913 0.664625 0.490189 0.0186433 0.765803 0.598336 
0.975726 0.657998 0.960058 0.219584 0.931562 0.414333 
0.875361 0.335321 0.785151 0.43662 0.557148 0.131977 
0.787848 0.701396 0.641365 0.194689 0.749561 0.355784 
0.644196 0.960873 0.657994 0.381125 0.249178 0.541161 
0.652685 0.837478 0.852964 0.390159 0.139107 0.09841 
0.164413 0.693924 0.164957 0.189259 0.13956 0.650947 
0.568071 0.498508 0.517015 0.939243 0.370786 0.361758 
0.598313 0.768032 0.53381 0.96896 0.389764 0.321754 
0.663216 0.420223 0.944716 0.438017 0.984839 0.996146 
0.486002 0.873895 0.812636 0.812158 0.825436 0.301752 
0.849701 0.0846578 0.995876 0.0576001 0.0768971 0.617028 
0.977892 0.202569 0.84889 0.144755 0.344162 0.441646 
0.0734599 0.0561685 0.531951 0.705209 0.443763 0.996693 
0.26368 0.356843 0.523602 0.372243 0.958537 0.700821 
0.625031 0.373372 0.0854892 0.991677 0.0952147 0.90691 
0.372921 0.205109 0.644764 0.50425 0.764065 0.000821195 
0.444206 0.338572 0.785286 0.509472 0.987618 0.770263 
0.267322 0.596099 0.404202 0.0800588 0.430387 0.798836 
0.819667 0.179586 0.0681586 0.188753 0.810049 0.274895 
0.971996 0.0679109 0.856574 0.110404 0.661797 0.681276 
0.114546 0.513859 0.261562 0.380192 0.0190363 0.689358 
0.656534 0.0561622 0.89141 0.164096 0.778199 0.239708 
0.605803 0.405436 0.807609 0.818612 0.188255 0.0407437 
0.388516 0.521439 0.880421 0.358945 0.215037 0.35742 
0.711496 0.922202 0.246478 0.497461 0.0638742 0.848925 
0.737245 0.510287 0.782881 0.0937721 0.753959 0.280112 
0.0741706 0.304246 0.323403 0.397011 0.710275 0.971628 
0.569797 0.779683 0.435014 0.0232127 0.126223 0.23635 
0.313779 0.278217 0.248198 0.760295 0.934488 0.489873 
0.0758524 0.774795 0.6353 0.0574697 0.692547 0.900872 
0.824977 0.606261 0.770013 0.277665 0.440466 0.332655 
0.758279 0.1258 0.130803 0.37675 0.732444 0.070867 
0.999308 0.493272 0.889028 0.122969 0.998157 0.975795 
0.428864 0.610097 0.530815 0.438221 0.99002 0.142132 
0.484972 0.838905 0.45162 0.0629719 0.0814942 0.676809 
0.255698 0.312362 0.117404 0.11664 0.717969 0.0308277 
0.128126 0.695817 0.697155 0.108682 0.21884 0.389232 
0.848427 0.02681 0.575115 0.984068 0.512154 0.822238 
0.767375 0.903116 0.796821 0.880069 0.895564 0.49822 
0.87615 0.0312366 0.652241 0.833258 0.203452 0.361092 
0.133021 0.989744 0.190122 0.906277 0.266664 0.301285 
0.073993 0.103753 0.647864 0.162111 0.764312 0.289708 
0.84029 0.883559 0.00179104 0.154574 0.064352 0.96191 
0.972074 0.101047 0.359443 0.0591238 0.548968 0.34499 
0.610806 0.743097 0.225079 0.167524 0.432319 0.884097 
0.640546 0.591677 0.766605 0.776984 0.729507 0.346886 
0.120956 0.36478 0.42102 0.153221 0.108589 0.343754 
0.864299 0.148159 0.0577362 0.981229 0.878541 0.376295 
0.138549 0.419464 0.645872 0.937875 0.547122 0.903128 
0.671141 0.257999 0.253279 0.141311 0.469569 0.223456 
0.119929 0.266182 0.250229 0.471379 0.972191 0.232267 
0.805272 0.511208 0.89348 0.459285 0.108571 0.949516 
0.59322 0.389825 0.939706 0.239784 0.170296 0.408981 
0.185057 0.755089 0.541512 0.983906 0.602275 0.710768 
0.0513126 0.834625 0.479588 0.318193 0.345263 0.624308 
0.9732 0.204027 0.52034 0.747409 0.428672 0.187902 
0.873558 0.332052 0.707375 0.349179 0.938764 0.91719 
0.310688 0.031135 0.565779 0.112132 0.678694 0.348884 
0.465935 0.085328 0.533953 0.475721 0.0236511 0.62547 
0.153459 0.677895 0.237818 0.752237 0.408053 0.103744 
0.312998 0.629712 0.50343 0.507704 0.105338 0.550718 
0.550708 0.188944 0.104287 0.80312 0.910724 0.0973833 
0.0252105 0.881614 0.450221 0.297419 0.603941 0.289215 
0.833437 0.103877 0.91343 0.985726 0.322291 0.0109961 
0.570132 0.598049 0.46422 0.516988 0.168198 0.769706 
0.667319 0.369896 0.726643 0.834763 0.444653 0.307628 
0.742922 0.27291 0.388601 0.319002 0.416266 0.601993 
0.37471 0.825007 0.54871 0.640082 0.158359 0.868495 
0.684947 0.0960151 0.138164 0.250225 0.66618 0.902629 
0.706088 0.0833878 0.313803 0.76562 0.315325 0.724526 
0.301438 0.549767 0.175583 0.536175 0.626719 0.84294 
0.38556 0.232337 0.48697 0.406016 0.894386 0.0895171 
0.770938 0.979061 0.436427 0.00554907 0.729109 0.302753 
0.389233 0.288035 0.134122 0.18028 0.63016 0.157024 
0.974692 0.0745572 0.615506 0.575413 0.137532 0.359432 
0.534069 0.842957 0.952348 0.897949 0.310936 0.303736 
0.208958 0.028234 0.835802 0.295869 0.732848 0.995008 
0.305649 0.693651 0.694921 0.715695 0.854016 0.582088 
0.276461 0.836602 0.289906 0.743401 0.563024 0.794535 
0.86485 0.520759 0.0110325 0.113153 0.764456 0.545152 
0.67157 0.474695 0.838907 0.597437 0.767063 0.737679 
0.178832 0.864537 0.237354 0.102763 0.0103303 0.478547 
0.766725 0.319415 0.763621 0.159829 0.381093 0.284056 
0.511445 0.632646 0.748187 0.10818 0.119063 0.257127 
0.689968 0.0912533 0.167129 0.835224 0.363743 0.0246987 
0.947463 0.80203 0.700734 0.319861 0.0895796 0.993574 
0.986774 0.163616 0.350913 0.272095 0.0513906 0.0540939 
0.66405 0.670506 0.905894 0.05972 0.677018 0.08075 
0.415549 0.166985 0.855588 0.815347 0.401887 0.00813639 
0.443389 0.720108 0.0713644 0.645719 0.456055 0.265485 
0.45979 0.467098 0.706149 0.0581199 0.143974 0.182724 
0.154509 0.197935 0.488896 0.556846 0.738708 0.337943 
0.117091 0.631031 0.480051 0.131287 0.724454 0.302676 
0.459001 0.1413 0.940454 0.6858 0.590107 0.199028 
0.174602 0.529692 0.335378 0.274174 0.462552 0.425134 
0.908901 0.821681 0.851011 0.296216 0.489547 0.432812 
0.475192 0.0574694 0.041381 0.409716 0.854024 0.632878 
0.695057 0.689142 0.0491855 0.726587 0.753325 0.451227 
0.359691 0.85599 0.0110309 0.878921 0.444504 0.255 
0.312848 0.954095 0.987719 0.536584 0.785518 0.407718 
0.613021 0.201117 0.562829 0.45824 0.30611 0.872164 
0.073827 0.860484 0.688563 0.525382 0.0248097 0.551797 
0.928428 0.029029 0.701997 0.384456 0.957544 0.702071 
0.928802 0.303505 0.595878 0.541684 0.336228 0.468045 
0.666495 0.0216346 0.507181 0.0616729 0.418506 0.0555045 
0.694822 0.600585 0.287072 0.255302 0.677829 0.515831 
0.5354 0.258839 0.0523732 0.572384 0.138625 0.795448 
0.228001 0.800236 0.472021 0.88588 0.76469 0.207524 
0.0960023 0.677525 0.564012 0.903054 0.979862 0.473929 
0.215597 0.292285 0.567959 0.114225 0.899218 0.508646 
0.625228 0.341503 0.00663737 0.938349 0.0688195 0.270128 
0.163891 0.403797 0.895571 0.552727 0.33013 0.370932 
0.684005 0.0387164 0.548563 0.0589307 0.110642 0.283697 
0.347032 0.617579 0.867144 0.394127 0.32365 0.283933 
0.277673 0.435978 0.545351 0.645664 0.62656 0.370629 
0.0618621 0.901588 0.47508 0.788586 0.770345 0.592927 
0.823311 0.343432 0.290369 0.972811 0.711597 0.909323 
0.828494 0.913632 0.823779 0.770562 0.385866 0.884333 
0.147234 0.793928 0.0523757 0.119739 0.084331 0.00126714 
0.95063 0.433566 0.806166 0.908962 0.989359 0.888578 
0.230775 0.461707 0.791253 0.0882714 0.761313 0.653326 
0.261105 0.869619 0.415841 0.530753 0.355662 0.12556 
0.791416 0.106499 0.306022 0.699252 0.330343 0.517378 
0.405942 0.25463 0.785059 0.902701 0.0577091 0.176692 
0.0121209 0.568115 0.133709 0.875831 0.891069 0.709756 
0.238409 0.231476 0.293282 0.363704 0.0572542 0.496693 
0.933766 0.978681 0.268536 0.376838 0.872651 0.204499 
0.225933 0.101303 0.0747962 0.541516 0.89684 0.720971 
0.819427 0.686168 0.77198 0.697255 0.795955 0.267469 
0.204114 0.301493 0.776721 0.117105 0.638752 0.462613 
0.872516 0.145397 0.17902 0.110867 0.656097 0.139275 
0.244945 0.926945 0.37997 0.473072 0.139863 0.629126 
0.672523 0.403067 0.832303 0.434695 0.5824 0.350333 
0.172943 0.730061 0.65855 0.715613 0.107739 0.623779 
0.169314 0.384278 0.66702 0.17654 0.681051 0.541763 
0.78275 0.749696 0.774455 0.102354 0.0689853 0.0953914 
0.733195 0.60528 0.716008 0.175349 0.967128 0.685465 
0.928379 0.39505 0.960415 0.771463 0.157128 0.242097 
0.955414 0.156504 0.872485 0.273642 0.451795 0.364632 
0.767518 0.903549 0.64202 0.602836 0.858084 0.381926 
0.992212 0.308382 0.309491 0.634036 0.341803 0.484035 
0.607793 0.503395 0.465523 0.36589 0.522807 0.909464 
0.661743 0.340777 0.843451 0.457108 0.793178 0.88244 
0.654944 0.430693 0.561764 0.513411 0.23138 0.778408 
0.803353 0.314479 0.360404 0.513638 0.773821 0.41052 
0.570479 0.550883 0.462333 0.75202 0.400113 0.39665 
0.492807 0.695321 0.796448 0.851871 0.387571 0.573957 
0.783593 0.468502 0.662099 0.0649152 0.236939 0.314185 
0.756195 0.0191472 0.638359 0.0659516 0.68777 0.860452 
0.48682 0.478828 0.994551 0.75436 0.552635 0.290023 
0.690368 0.603954 0.0387923 0.0665892 0.922546 0.0545986 
0.451499 0.639653 0.895389 0.221985 0.283091 0.0619733 
0.000776442 0.96237 0.737381 0.109811 0.683451 0.847888 
0.805511 0.248034 0.604969 0.988684 0.801957 0.895151 
0.390719 0.767669 0.854944 0.587664 0.162971 0.991324 
0.424943 0.203596 0.144025 0.233319 0.656448 0.376831 
0.106114 0.0671277 0.56184 0.637252 0.404869 0.388878 
0.332641 0.461407 0.0616455 0.782264 0.825708 0.686021 
0.895468 0.933011 0.112033 0.946318 0.782702 0.391669 
0.425444 0.474447 0.339951 0.680531 0.520006 0.145141 
0.42358 0.813965 0.216369 0.0985095 0.0893987 0.263722 
0.0679165 0.779808 0.0173675 0.111614 0.0414575 0.675638 
0.227876 0.681339 0.752549 0.564346 0.663012 0.814074 
0.961013 0.698999 0.3528 0.0910589 0.162722 0.689772 
0.722056 0.396472 0.699665 0.715742 0.941393 0.64513 
0.621062 0.690653 0.12965 0.669727 0.188612 0.870605 
0.189591 0.48098 0.967655 0.99719 0.218138 0.190976 
0.589157 0.647042 0.461695 0.865555 0.191532 0.905386 
0.707329 0.276242 0.826449 0.707137 0.16208 0.937033 
0.401851 0.235435 0.738153 0.52813 0.029482 0.919334 
0.963506 0.0661503 0.523884 0.859225 0.917195 0.831344 
0.972709 0.56348 0.563198 0.292973 0.923982 0.150216 
0.938721 0.57136 0.493574 0.478194 0.517979 0.745106 
0.879753 0.544212 0.0369983 0.803538 0.741643 0.171726 
0.136816 0.224646 0.549862 0.249785 0.22095 0.601979 
0.968765 0.14167 0.641176 0.398903 0.674206 0.360515 
0.640444 0.881238 0.0985744 0.539617 0.69649 0.967022 
0.975484 0.952184 0.123767 0.714596 0.595259 0.766331 
0.190175 0.121569 0.193163 0.57562 0.536143 0.506872 
0.972337 0.516398 0.145705 0.837812 0.162431 0.401865 
0.408366 0.670729 0.326848 0.773043 0.614848 0.473462 
0.405392 0.0555252 0.998158 0.560379 0.734169 0.653199 
0.232266 0.833421 0.971076 0.129205 0.435809 0.783494 
0.200094 0.874051 0.253019 0.221097 0.177647 0.928964 
0.449654 0.607122 0.285133 0.549495 0.856193 0.00340373 
0.474593 0.303862 0.593778 0.857954 0.372241 0.467225 
0.994075 0.859349 0.345784 0.599456 0.620811 0.0568641 
0.381176 0.0793608 0.951071 0.598078 0.936028 0.333076 
0.369068 0.809538 0.0330073 0.696148 0.700809 0.838401 
0.981357 0.520075 0.759315 0.237786 0.744688 0.969236 
0.996525 0.236397 0.204129 0.0849682 0.856944 0.777292 
0.0412132 0.336387 0.87055 0.9731 0.276411 0.728268 
0.29954 0.089985 0.0396795 0.0582181 0.801323 0.350933 
0.317512 0.182682 0.811269 0.557442 0.412191 0.974031 
0.450461 0.766851 0.930932 0.364498 0.964763 0.540545 
0.0466969 0.012255 0.943343 0.708429 0.735162 0.2732 
0.247776 0.849108 0.738921 0.416194 0.875183 0.691132 
0.993239 0.394923 0.542515 0.730481 0.273801 0.475936 
0.932729 0.317924 0.0395299 0.87072 0.641447 0.190427 
0.616196 0.394311 0.204125 0.667159 0.738373 0.907877 
0.518932 0.813609 0.081273 0.567091 0.752897 0.10891 
0.872878 0.738726 0.719322 0.896921 0.39115 0.387248 
0.594883 0.42691 0.28655 0.17458 0.0345382 0.677995 
0.451479 0.226066 0.0196775 0.373433 0.435571 0.84332 
0.50015 0.577099 0.796372 0.951908 0.387388 0.368223 
0.572367 0.519614 0.749885 0.831595 0.569394 0.0561081 
0.773776 0.526595 0.604111 0.22277 0.242608 0.448483 
0.984959 0.84292 0.526774 0.624437 0.852692 0.150294 
0.0103435 0.189352 0.923791 0.984223 0.379215 0.612604 
0.659448 0.517761 0.75088 0.677979 0.12063 0.977487 
0.356295 0.870078 0.566287 0.242597 0.745588 0.554454 
0.924277 0.949129 0.632679 0.29873 0.396287 0.630483 
0.228934 0.700103 0.922565 0.454909 0.549 0.682501 
0.85782 0.660974 0.853128 0.341621 0.0490075 0.188654 
0.560066 0.797839 0.0831226 0.598517 0.722481 0.344731 
0.105544 0.211455 0.155396 0.0460567 0.659119 0.126381 
0.679539 0.334781 0.0896672 0.708281 0.399476 0.307692 
0.710878 0.741623 0.790371 0.771199 0.927196 0.0726821 
0.418463 0.720103 0.705461 0.142297 0.210489 0.0146998 
0.727726 0.782652 0.0747104 0.430914 0.53964 0.242592 
0.765965 0.150538 0.0256095 0.787637 0.985948 0.179757 
0.0530366 0.348007 0.543836 0.365888 0.678383 0.152581 
0.0901395 0.482345 0.809668 0.355006 0.52001 0.444123 
0.880398 0.620184 0.570413 0.67578 0.706701 0.481122 
0.676926 0.131679 0.597551 0.888628 0.29871 0.768855 
0.432281 0.282694 0.99978 0.289957 0.591289 0.797248 
0.0600334 0.872026 0.201875 0.804995 0.316581 0.19607 
0.501633 0.527982 0.305853 0.11931 0.499242 0.918886 
0.448074 0.470359 0.882257 0.990092 0.0855328 0.955785 
0.0670456 0.530437 0.880087 0.959063 0.812467 0.98045 
0.864892 0.585341 0.766698 0.609413 0.730222 0.83868 
0.0295806 0.998698 0.305555 0.989715 0.14388 0.727206 
0.436483 0.323737 0.203781 0.154078 0.511014 0.989004 
0.182966 0.129758 0.306752 0.438239 0.619093 0.0601758 
0.152113 0.217774 0.325527 0.33043 0.402692 0.32477 
0.712458 0.268759 0.471161 0.33894 0.964215 0.600911 
0.739392 0.610125 0.739205 0.546974 0.667541 0.901156 
0.285562 0.405165 0.931117 0.40676 0.380687 0.0486796 
0.43411 0.775147 0.00235269 0.0132269 0.777218 0.653492 
0.607661 0.00828537 0.805749 0.855309 0.296872 0.99148 
0.841728 0.329359 0.431704 0.0407196 0.573153 0.00303824 
0.116862 0.98834 0.00993959 0.619126 0.420547 0.162142 
0.227818 0.935975 0.550793 0.779167 0.688958 0.209116 
0.0139643 0.978209 0.185326 0.934365 0.286245 0.446371 
0.519263 0.978714 0.974016 0.884319 0.0150405 0.0803981 
0.721137 0.251612 0.945891 0.595424 0.840851 0.558109 
0.361357 0.501547 0.275713 0.547912 0.972308 0.878343 
0.557365 0.536763 0.948374 0.584478 0.138258 0.8205 
0.166313 0.301888 0.964436 0.894658 0.364306 0.0820377 
0.653242 0.586639 0.41404 0.44739 0.204508 0.538283 
0.264818 0.649843 0.0686871 0.0870074 0.679979 0.48861 
0.944308 0.364047 0.147907 0.317577 0.304592 0.839314 
0.183524 0.174523 0.721027 0.442638 0.029258 0.704164 
0.273372 0.834337 0.819756 0.300773 0.930392 0.937827 
0.0681545 0.0257066 0.833253 0.246177 0.879151 0.613539 
0.95786 0.200983 0.593667 0.704324 0.0997621 0.56157 
0.666535 0.683395 0.357696 0.712207 0.22265 0.222334 
0.306271 0.573468 0.111414 0.36743 0.753185 0.255909 
0.337112 0.440093 0.380366 0.078147 0.839358 0.652632 
0.865965 0.270336 0.620412 0.393665 0.80288 0.748753 
0.486789 0.872719 0.300672 0.864673 0.985318 0.914417 
0.76574 0.828663 0.0398411 0.334616 0.490052 0.259939 
0.0570576 0.561002 0.19496 0.638394 0.0527133 0.0424631 
0.352594 0.51273 0.55191 0.539557 0.52467 0.761014 
0.999426 0.931382 0.540314 0.668716 0.248756 0.356898 
0.862256 0.704993 0.944283 0.384697 0.490364 0.453754 
0.249943 0.609929 0.660474 0.621149 0.425715 0.914293 
0.85851 0.117986 0.178099 0.814756 0.556758 0.187684 
0.747929 0.852087 0.865529 0.905824 0.59566 0.828541 
0.0849864 0.660651 0.879268 0.380023 0.148825 0.385655 
0.899785 0.339763 0.133874 0.996448 0.557387 0.0235289 
0.92812 0.384405 0.641372 0.327024 0.806489 0.731344 
0.35091 0.369283 0.750978 0.0575571 0.0256982 0.0347229 
0.580903 0.522399 0.927556 0.157928 0.953537 0.591509 
0.312517 0.708173 0.932774 0.955131 0.956539 0.350274 
0.900177 0.183086 0.7959 0.951313 0.625458 0.621956 
0.55585 0.72253 0.725735 0.886124 0.857153 0.659529 
0.56107 0.881151 0.938086 0.335446 0.978205 0.226914 
0.970061 0.739853 0.876198 0.0187226 0.0477871 0.263887 
0.696424 0.810689 0.188244 0.59096 0.512546 0.50672 
0.560211 0.983631 0.398832 0.160983 0.972859 0.229861 
0.312578 0.852512 0.859408 0.577991 0.393676 0.175958 
0.801497 0.556268 0.772588 0.579383 0.757275 0.714244 
0.233175 0.361075 0.879865 0.332998 0.960186 0.136233 
0.439374 0.303348 0.0917901 0.0915626 0.309029 0.225542 
0.39885 0.551295 0.411867 0.72808 0.677849 0.388523 
0.212332 0.602109 0.337835 0.269178 0.921357 0.251988 
0.938516 0.275584 0.0518045 0.920753 0.439528 0.859516 
0.0751162 0.72561 0.666933 0.902081 0.450349 0.325373 
0.0500612 0.411329 0.970486 0.840024 0.114124 0.331902 
0.218705 0.635986 0.399277 0.574166 0.382855 0.202336 
0.326169 0.597547 0.284956 0.148188 0.693649 0.263596 
0.679691 0.430408 0.849604 0.557378 0.710026 0.915841 
0.696287 0.0962473 0.821163 0.368988 0.402921 0.886758 
0.90685 0.596224 0.734999 0.831247 0.950028 0.218021 
0.203219 0.663715 0.420672 0.531267 0.61203 0.0284414 
0.681984 0.434646 0.30363 0.288416 0.953062 0.154643 
0.126657 0.738157 0.93493 0.203242 0.411585 0.985392 
0.537298 0.305404 0.341936 0.646751 0.109726 0.990202 
0.590953 0.682717 0.64142 0.577572 0.333548 0.327938 
0.0298681 0.588634 0.728725 0.456327 0.315366 0.63825 
0.117871 0.164235 0.44985 0.973799 0.433552 0.273911 
0.535261 0.467374 0.589089 0.885917 0.756274 0.535139 
0.871347 0.894755 0.244073 0.259013 0.478178 0.895167 
0.124588 0.612176 0.607066 0.943404 0.679922 0.667986 
0.67141 0.64248 0.102361 0.915484 0.124725 0.279897 
0.707118 0.513287 0.189422 0.328337 0.56907 0.450961 
0.393738 0.80911 0.260868 0.227498 0.197582 0.189732 
0.981994 0.0129291 0.0566458 0.574558 0.712459 0.346089 
0.676171 0.136308 0.440835 0.0244844 0.996342 0.0398858 
0.192321 0.942411 0.591654 0.143631 0.392631 0.872461 
0.393454 0.380936 0.146247 0.7649 0.975127 0.276999 
0.813397 0.984245 0.626773 0.995427 0.93794 0.71456 
0.119463 0.349247 0.50773 0.40162 0.291664 0.139501 
0.214402 0.728684 0.352399 0.811369 0.710454 0.0114287 
0.815013 0.388565 0.619274 0.866672 0.41947 0.207009 
0.323951 0.782399 0.139586 0.0303249 0.733439 0.210693 
0.861609 0.20204 0.165331 0.456015 0.0748091 0.538699 
0.931818 0.075136 0.125578 0.345687 0.444933 0.270084 
0.956864 0.496091 0.935669 0.0395613 0.948432 0.704833 
0.454517 0.0974685 0.928006 0.268145 0.190852 0.233411 
0.0645178 0.0911842 0.0246859 0.99863 0.715996 0.291787 
0.304025 0.67567 0.805655 0.344325 0.945898 0.568865 
0.117851 0.488141 0.454111 0.763553 0.55999 0.410886 
0.506954 0.529781 0.0551721 0.730591 0.717747 0.716861 
0.249846 0.357047 0.439513 0.650231 0.509503 0.115819 
0.997046 0.856253 0.609195 0.0995157 0.247695 0.670446 
0.065903 0.279808 0.168634 0.524198 0.774964 0.845627 
0.0663791 0.453865 0.382346 0.212083 0.0575022 0.680657 
0.392209 0.775326 0.742 0.15214 0.373559 0.284281 
0.148804 0.158338 0.536958 0.3124 0.124726 0.152335 
0.642485 0.894487 0.0709531 0.828035 0.543988 0.663841 
0.00989313 0.458228 0.432659 0.297015 0.825776 0.644214 
0.965253 0.816369 0.233188 0.00759333 0.275803 0.238233 
0.0155303 0.038948 0.312341 0.928703 0.415143 0.645639 
0.481664 0.79774 0.054741 0.900716 0.728974 0.990205 
0.18122 0.548041 0.324869 0.31092 0.612924 0.365276 
0.804175 0.90608 0.721951 0.396982 0.699665 0.996718 
0.186025 0.700173 0.996284 0.170355 0.552704 0.139869 
0.231561 0.258244 0.81014 0.906064 0.601211 0.573347 
0.565491 0.717631 0.833208 0.788003 0.545938 0.0462894 
0.631803 0.771772 0.357924 0.296157 0.486597 0.473472 
0.541456 0.319592 0.181521 0.961744 0.682068 0.0993143 
0.438242 0.744623 0.59465 0.513126 0.218238 0.608775 
0.827689 0.386335 0.413935 0.238745 0.251357 0.998784 
0.105291 0.783681 0.0225682 0.823962 0.20477 0.382951 
0.781173 0.527608 0.498617 0.338866 0.374541 0.293907 
0.52094 0.333133 0.351165 0.662363 0.380749 0.624565 
0.819107 0.899981 0.480118 0.714088 0.356381 0.164026 
0.983826 0.180562 0.557169 0.487423 0.372997 0.479527 
0.798199 0.233147 0.133904 0.440471 0.831382 0.968308 
0.865402 0.583233 0.167997 0.592996 0.88412 0.529738 
0.619774 0.728217 0.616242 0.533051 0.869504 0.082003 
0.781296 0.823893 0.864417 0.244529 0.023905 0.185501 
0.0521956 0.0864055 0.897567 0.91344 0.0633817 0.604202 
0.280649 0.875891 0.61286 0.227372 0.0867124 0.856275 
0.792894 0.144865 0.211281 0.760861 0.84031 0.248048 
0.803111 0.958825 0.61979 0.378281 0.962245 0.132753 
0.642277 0.648514 0.0361733 0.272503 0.164138 0.0160856 
0.661423 0.968773 0.0212316 0.823313 0.329141 0.637137 
0.907437 0.123531 0.788388 0.73099 0.00913866 0.00146275 
0.169269 0.328136 0.10596 0.144228 0.944145 0.121053 
0.378924 0.151317 0.747143 0.98396 0.027297 0.258427 
0.0243049 0.460177 0.737104 0.20089 0.598589 0.564861 
0.559977 0.584138 0.883476 0.0320403 0.0811188 0.32855 
0.481439 0.770331 0.0445654 0.874124 0.497427 0.559269 
0.576566 0.774787 0.998171 0.858799 0.761729 0.775514 
0.808142 0.136386 0.985002 0.458931 0.458911 0.822267 
0.804121 0.904907 0.284288 0.97883 0.962813 0.693773 
0.526569 0.736483 0.538535 0.5615 0.337778 0.281449 
0.48773 0.140705 0.717188 0.916121 0.680865 0.451567 
0.217223 0.610561 0.839797 0.652135 0.999168 0.131848 
0.205679 0.0249805 0.945163 0.246267 0.135349 0.323153 
0.327076 0.970619 0.242001 0.227713 0.654644 0.217302 
0.386649 0.360589 0.394977 0.0813715 0.44415 0.291089 
0.381873 0.351762 0.955259 0.134654 0.609329 0.0040942 
0.34109 0.711295 0.39907 0.71682 0.102979 0.203888 
0.635167 0.674223 0.896979 0.18639 0.0913706 0.156727 
0.944845 0.682665 0.917658 0.888896 0.929478 0.929593 
0.575434 0.0463887 0.511083 0.933307 0.0481624 0.428539 
0.304671 0.240907 0.791969 0.611742 0.685942 0.756832 
0.114958 0.460311 0.094843 0.360734 0.533829 0.439734 
0.988505 0.527765 0.753911 0.624042 0.785481 0.814927 
0.167331 0.914758 0.391232 0.940005 0.38989 0.107489 
0.525037 0.914533 0.472582 0.428085 0.111464 0.927343 
0.797798 0.879693 0.710561 0.00298484 0.429033 0.888149 
0.857267 0.178782 0.0220117 0.12144 0.397286 0.765541 
0.626662 0.471607 0.991865 0.718681 0.188669 0.422546 
0.318322 0.580807 0.634464 0.261051 0.138968 0.225469 
0.86274 0.416936 0.923551 0.461093 0.520552 0.407712 
0.746618 0.0237536 0.545799 0.229022 0.247142 0.274938 
0.425147 0.280203 0.797592 0.737159 0.962637 0.163059 
0.20477 0.0484277 0.348185 0.189943 0.375255 0.821078 
0.0749197 0.0644945 0.549642 0.0193031 0.942984 0.369303 
0.182043 0.186284 0.799171 0.382059 0.817126 0.849004 
0.586761 0.908286 0.290487 0.406601 0.822033 0.664179 
0.465265 0.570137 0.926045 0.0801348 0.173822 0.048348 
0.654627 0.467911 0.928676 0.413608 0.821385 0.997384 
0.72896 0.309811 0.88271 0.924679 0.763324 0.0587762 
0.211387 0.585045 0.403404 0.808811 0.0889392 0.963836 
0.538527 0.919578 0.94237 0.716937 0.194659 0.229922 
0.891882 0.709415 0.132667 0.770506 0.814085 0.384332 
0.219155 0.268301 0.0527621 0.870416 0.654448 0.906731 
0.902066 0.392611 0.273821 0.19204 0.207424 0.325648 
0.528684 0.60337 0.100668 0.0320727 0.728588 0.922455 
0.636545 0.174179 0.575862 0.97503 0.780338 0.849889 
0.749697 0.152186 0.65988 0.0691655 0.217679 0.182071 
0.475833 0.928281 0.881841 0.253489 0.196032 0.960534 
0.115692 0.377296 0.981359 0.132053 0.995019 0.069037 
0.881569 0.144353 0.328802 0.637479 0.450754 0.416676 
0.204273 0.913877 0.589638 0.269281 0.966892 0.141278 
0.301748 0.609774 0.76772 0.259766 0.624039 0.845179 
0.998568 0.593254 0.776706 0.558466 0.452607 0.888446 
0.239037 0.889113 0.960818 0.299027 0.458083 0.54534 
0.325843 0.660431 0.0824615 0.12985 0.794538 0.209037 
0.402693 0.567161 0.672361 0.801366 0.551029 0.404354 
0.893212 0.465346 0.626723 0.242795 0.658787 0.716804 
0.617761 0.762644 0.414435 0.393165 0.49583 0.206541 
0.407193 0.426254 0.818917 0.317659 0.307319 0.746196 
0.828202 0.862358 0.995506 0.302586 0.216455 0.778262 
0.998283 0.791606 0.832019 0.707416 0.716368 0.0269647 
0.0768969 0.063367 0.935118 0.619622 0.464812 0.578421 
0.298187 0.451436 0.706179 0.419761 0.420512 0.436045 
0.805031 0.418671 0.0230178 0.45063 0.505394 0.40774 
0.247091 0.501245 0.208678 0.576901 0.484844 0.824813 
0.903521 0.703963 0.00635336 0.114338 0.34493 0.00964215 
0.333318 0.610156 0.796417 0.453276 0.0122241 0.25201 
0.124113 0.689674 0.0390039 0.377678 0.094954 0.232628 
0.261537 0.634996 0.868906 0.242434 0.951496 0.726776 
0.993406 0.879955 0.614949 0.729258 0.270142 0.328546 
0.176416 0.925504 0.422831 0.506469 0.766727 0.573971 
0.848056 0.473873 0.0295511 0.425252 0.617839 0.638201 
0.549894 0.581336 0.295633 0.296738 0.544495 0.353805 
0.12271 0.0310295 0.498239 0.566739 0.504208 0.875181 
0.747068 0.858744 0.609681 0.556047 0.252026 0.782067 
0.740322 0.268183 0.876405 0.111203 0.461313 0.922341 
0.380059 0.919375 0.21554 0.882927 0.318392 0.065011 
0.197862 0.201419 0.547981 0.865524 0.951199 0.0205954 
0.496614 0.133262 0.867792 0.285585 0.167566 0.888705 
0.824964 0.692795 0.645223 0.648359 0.52621 0.701098 
0.297143 0.981649 0.503091 0.41302 0.550285 0.311503 
0.97375 0.314181 0.546602 0.349034 0.459058 0.525434 
0.776303 0.253936 0.202025 0.322077 0.608333 0.259786 
0.41893 0.770561 0.0474971 0.222134 0.638744 0.244716 
0.0646454 0.921889 0.635191 0.650846 0.201184 0.0353816 
0.20876 0.605376 0.0723462 0.68938 0.751314 0.661107 
0.889143 0.796079 0.0519859 0.832847 0.291818 0.844752 
0.778031 0.0205481 0.632123 0.358112 0.126845 0.0625634 
0.320736 0.238172 0.0310146 0.126046 0.869383 0.396172 
0.598072 0.0993868 0.410143 0.0898682 0.992385 0.134673 
0.37125 0.198827 0.040006 0.552892 0.361413 0.889213 
0.562041 0.929799 0.334529 0.238497 0.385409 0.249975 
0.884609 0.429601 0.439542 0.417038 0.410317 0.863195 
0.699783 0.495928 0.668845 0.160994 0.121664 0.394727 
0.138928 0.320526 0.0369248 0.42351 0.15564 0.513573 
0.997293 0.795943 0.322835 0.250555 0.0848286 0.737681 
0.0383298 0.050148 0.54069 0.599833 0.237042 0.225974 
0.779744 0.597625 0.807811 0.693051 0.885824 0.0228374 
0.404154 0.803686 0.323403 0.644567 0.0900428 0.130927 
0.79082 0.94284 0.983968 0.191686 0.270506 0.838081 
0.945409 0.219829 0.523509 0.405037 0.543912 0.547245 
0.434379 0.745535 0.328145 0.496641 0.907018 0.924673 
0.940655 0.743946 0.944464 0.315281 0.328133 0.536716 
0.399985 0.251576 0.73102 0.250319 0.817388 0.303073 
0.930055 0.308607 0.093959 0.494022 0.951263 0.387805 
0.328158 0.230776 0.479595 0.192425 0.287155 0.712 
0.65478 0.314443 0.455544 0.297091 0.882293 0.00954056 
0.809641 0.12713 0.959237 0.834213 0.260147 0.614464 
0.382648 0.421946 0.146044 0.947914 0.273004 0.511545 
0.997291 0.962866 0.794781 0.750011 0.435322 0.113454 
0.386216 0.151998 0.424711 0.926381 0.701367 0.223694 
0.0660107 0.695376 0.905847 0.0235463 0.732253 0.484704 
0.0173636 0.981343 0.392043 0.593248 0.380789 0.182301 
0.485961 0.989265 0.73436 0.572184 0.74402 0.0892548 
0.171484 0.534805 0.0160134 0.912835 0.86437 0.532228 
0.236409 0.536339 0.103206 0.0888363 0.175794 0.507815 
0.650308 0.368131 0.661376 0.164907 0.244612 0.109607 
0.338961 0.827468 0.726888 0.569436 0.226883 0.308183 
0.206017 0.445644 0.670695 0.805379 0.963442 0.930167 
0.106692 0.302635 0.254249 0.799577 0.839909 0.90552 
0.448688 0.98562 0.653025 0.109668 0.994216 0.585815 
0.297114 0.100053 0.990371 0.081162 0.00109469 0.418149 
0.789916 0.340969 0.805579 0.974341 0.0627017 0.099661 
0.40716 0.592025 0.713527 0.3329 0.336842 0.324588 
0.677583 0.392931 0.311555 0.0705786 0.335369 0.232233 
0.684203 0.307825 0.127328 0.92681 0.120773 0.11423 
0.0370585 0.486328 0.595016 0.125284 0.0781994 0.534787 
0.50048 0.832456 0.369687 0.705639 0.222834 0.617392 
0.24517 0.733027 0.36063 0.573223 0.389604 0.103239 
0.439108 0.858106 0.266994 0.975704 0.708352 0.56112 
0.922991 0.970609 0.226248 0.69154 0.615992 0.227218 
0.13794 0.872189 0.80536 0.747445 0.736394 0.508721 
0.224541 0.571553 0.604242 0.598559 0.00899601 0.0444915 
0.00638736 0.765508 0.44822 0.348777 0.905148 0.166366 
0.810503 0.602062 0.177549 0.347065 0.63184 0.857896 
0.490559 0.152147 0.151756 0.673048 0.196869 0.0374542 
0.0855875 0.302235 0.369807 0.967202 0.5952 0.696527 
0.0765188 0.57845 0.646473 0.576826 0.513892 0.971323 
0.235674 0.806434 0.312376 0.745949 0.970051 0.161542 
0.56161 0.684386 0.0570338 0.903052 0.137656 0.565718 
0.543238 0.737957 0.119702 0.697709 0.56765 0.270294 
0.794531 0.307868 0.220679 0.677674 0.942321 0.255831 
0.738391 0.377997 0.413236 0.990688 0.500613 0.861534 
0.850059 0.853 0.722043 0.858088 0.389491 0.139014 
0.607189 0.625732 0.959042 0.844561 0.136326 0.897505 
0.729042 0.235766 0.993123 0.580417 0.85869 0.892122 
0.151671 0.809902 0.469526 0.708271 0.783072 0.457619 
0.719546 0.471983 0.611547 0.592649 0.604078 0.888585 
0.826686 0.298692 0.96624 0.435685 0.678221 0.85072 
0.6798 0.322492 0.0209787 0.88143 0.0260101 0.924303 
0.0602614 0.115613 0.438774 0.254918 0.765362 0.589078 
0.603491 0.145268 0.788133 0.915239 0.393739 0.42301 
0.400518 0.0451885 0.085566 0.590368 0.928273 0.49195 
0.532705 0.511075 0.248833 0.445871 0.394811 0.63921 
0.210243 0.578377 0.790509 0.719436 0.0035672 0.513677 
0.698107 0.979462 0.598916 0.240701 0.34732 0.40397 
0.0140817 0.290525 0.725821 0.990967 0.58282 0.186249 
0.305404 0.745023 0.392744 0.964149 0.4492 0.493377 
0.716704 0.910015 0.774352 0.317794 0.502972 0.876072 
0.59986 0.147049 0.987208 0.239688 0.240223 0.944711 
0.484088 0.624226 0.682473 0.649236 0.890225 0.916802 
0.199778 0.967129 0.901975 0.828188 0.525573 0.780108 
0.857391 0.897291 0.0267445 0.0339149 0.769302 0.267026 
0.226586 0.76435 0.0794911 0.92266 0.168883 0.37987 
0.483932 0.265714 0.292386 0.738806 0.714174 0.0503263 
0.634055 0.31261 0.933578 0.567126 0.288312 0.513037 
0.0230494 0.0318387 0.448391 0.440181 0.787977 0.818001 
0.303133 0.0722308 0.484852 0.69917 0.147553 0.91044 
0.779048 0.267701 0.414971 0.82803 0.116902 0.0545211 
0.355291 0.987985 0.159504 0.396738 0.165139 0.769114 
0.712297 0.641029 0.357028 0.81372 0.656273 0.597535 
0.3124 0.977192 0.275453 0.773902 0.037251 0.947303 
0.0409258 0.13302 0.174915 0.339672 0.21613 0.375484 
0.0405108 0.318733 0.341325 0.133514 0.742444 0.4378 
0.627872 0.207123 0.47727 0.597112 0.0260318 0.0581305 
0.480767 0.699605 0.316264 0.756547 0.332659 0.298672 
0.876087 0.122917 0.491955 0.26238 0.775057 0.0151364 
0.0482476 0.530191 0.123404 0.314301 0.165473 0.368739 
0.400218 0.205994 0.137595 0.250839 0.898264 0.53982 
0.648143 0.845349 0.703319 0.560831 0.538397 0.210543 
0.246196 0.441523 0.902595 0.795261 0.636607 0.959797 
0.918529 0.501694 0.0996697 0.504591 0.0962567 0.333944 
0.414562 0.333691 0.66698 0.426866 0.622264 0.448017 
0.465596 0.992368 0.436882 0.389706 0.713229 0.218029 
0.253893 0.967028 0.411539 0.859359 0.746013 0.129215 
0.524568 0.566369 0.92922 0.237718 0.849753 0.282488 
0.477488 0.342479 0.177257 0.717401 0.593907 0.383024 
0.023183 0.484099 0.0227164 0.465278 0.557719 0.0591388 
0.368793 0.224434 0.258696 0.637063 0.717323 0.00579578 
0.00678163 0.580332 0.713093 0.990669 0.501098 0.193183 
0.208009 0.704189 0.447773 0.654087 0.330647 0.447783 
0.452112 0.477184 0.78153 0.945969 0.838597 0.918531 
0.941077 0.0679477 0.922712 0.863599 0.466554 0.584768 
0.883854 0.0554182 0.900101 0.761751 0.310638 0.682292 
0.729674 0.0552702 0.553912 0.0558047 0.296753 0.613361 
0.0307565 0.26426 0.346485 0.929187 0.692545 0.974515 
0.553294 0.337454 0.03738 0.828482 0.195348 0.988504 
0.718992 0.606512 0.737452 0.376136 0.186498 0.920226 
0.533881 0.134031 0.991029 0.433192 0.650089 0.0440986 
0.608891 0.442985 0.574383 0.121361 0.395617 0.530804 
0.416629 0.0523505 0.170507 0.568412 0.490721 0.645762 
0.679139 0.484416 0.267519 0.529767 0.0296876 0.792385 
0.697764 0.333565 0.150424 0.443239 0.991151 0.221703 
0.29313 0.101643 0.41509 0.67939 0.73003 0.435741 
0.315567 0.0984885 0.751945 0.538953 0.171319 0.0726391 
0.506086 0.750678 0.738258 0.436655 0.281875 0.21329 
0.993732 0.944259 0.798967 0.750958 0.973598 0.829407 
0.161772 0.807854 0.24241 0.361379 0.525394 0.2707 
0.719843 0.828109 0.120637 0.188206 0.740403 0.0866338 
0.197945 0.460875 0.120113 0.781058 0.243205 0.769883 
0.733746 0.985713 0.598222 0.403933 0.483527 0.314184 
0.947372 0.0338775 0.105732 0.660415 0.739356 0.729491 
0.342745 0.274938 0.50631 0.881864 0.769392 0.719967 
0.0467285 0.560161 0.191053 0.309783 0.431112 0.618808 
0.775871 0.322644 0.0217828 0.0435074 0.453714 0.285464 
0.0483193 0.7176 0.477113 0.238412 0.5581 0.218674 
0.108263 0.802699 0.52874 0.362791 0.971818 0.158213 
0.383543 0.237021 0.187452 0.217698 0.530323 0.838497 
0.0404857 0.930728 0.979127 0.70835 0.933272 0.891124 
0.0732659 0.439325 0.896977 0.348136 0.540171 0.704778 
0.904412 0.892442 0.192418 0.298313 0.23157 0.753239 
0.765964 0.912633 0.903953 0.990534 0.771963 0.698471 
0.448631 0.141597 0.0275352 0.896247 0.581281 0.307993 
0.463639 0.149375 0.0734383 0.771816 0.877892 0.891953 
0.593187 0.0654351 0.916409 0.215063 0.12557 0.368426 
0.913267 0.183584 0.956471 0.305873 0.583536 0.45205 
0.800124 0.682367 0.0245245 0.551177 0.1937 0.490667 
0.899666 0.81388 0.0350335 0.679053 0.656381 0.95397 
0.80039 0.827846 0.677265 0.300277 0.885016 0.444911 
0.375389 0.968242 0.28292 0.834079 0.880135 0.482261 
0.212682 0.0555157 0.0982253 0.815854 0.658779 0.722984 
0.852756 0.801177 0.414187 0.601012 0.393338 0.420709 
0.103279 0.312162 0.300896 0.586756 0.0164132 0.0220021 
0.438705 0.496879 0.555859 0.166242 0.897162 0.446823 
0.0868315 0.942243 0.620026 0.977845 0.562288 0.0298797 
0.602258 0.362809 0.0658509 0.918639 0.156616 0.288948 
0.608649 0.394589 0.567715 0.71653 0.71462 0.12919 
0.859205 0.150788 0.789015 0.752318 0.203423 0.0938908 
0.845713 0.74885 0.514354 0.840789 0.908904 0.31633 
0.708554 0.332263 0.681625 0.768797 0.283985 0.0284854 
0.578831 0.696933 0.603435 0.864197 0.434867 0.629353 
0.525183 0.90671 0.64677 0.792092 0.998476 0.465224 
0.718002 0.386482 0.748591 0.499108 0.833156 0.0608688 
0.680672 0.0797186 0.0856746 0.443462 0.486913 0.574586 
0.685322 0.153249 0.60732 0.319369 0.160359 0.889897 
0.624566 0.462402 0.173207 0.561161 0.224573 0.783956 
0.671214 0.427547 0.697724 0.97286 0.512833 0.139176 
0.190329 0.196626 0.12722 0.251146 0.805142 0.343416 
0.841631 0.117466 0.0500628 0.916393 0.70929 0.696169 
0.99048 0.276189 0.979487 0.187765 0.315896 0.897503 
0.111223 0.496385 0.316821 0.360543 0.721552 0.116256 
0.0797306 0.891788 0.422464 0.409174 0.0927753 0.288756 
0.619826 0.837641 0.82979 0.186274 0.0413482 0.623064 
0.802784 0.204506 0.436501 0.992529 0.128492 0.582091 
0.654985 0.180121 0.472507 0.849703 0.243237 0.195555 
0.387885 0.287083 0.24796 0.68314 0.350822 0.717117 
0.640009 0.247254 0.204923 0.908992 0.715602 0.219583 
0.856186 0.66408 0.36248 0.697346 0.859029 0.731965 
0.99906 0.191588 0.00632177 0.943838 0.449005 0.367096 
0.756093 0.524574 0.901209 0.555703 0.84276 0.399876 
0.781264 0.744868 0.505448 0.695814 0.672934 0.024303 
0.392232 0.528726 0.0576145 0.79972 0.281529 0.566499 
0.766878 0.826389 0.519227 0.0641766 0.910218 0.243285 
0.840321 0.841831 0.251662 0.795596 0.655411 0.34033 
0.465132 0.711741 0.775832 0.39128 0.0986594 0.367603 
0.184981 0.535724 0.587157 0.135015 0.246331 0.0847688 
0.404757 0.862801 0.548683 0.297012 0.164388 0.183478 
0.148373 0.198522 0.743716 0.134948 0.878198 0.318362 
0.558858 0.0595728 0.357784 0.528444 0.236594 0.799617 
0.492512 0.734187 0.546184 0.420126 0.494932 0.390814 
0.843952 0.366084 0.464591 0.825579 0.822305 0.59794 
0.16243 0.250545 0.494891 0.372098 0.0146242 0.814317 
0.781826 0.783323 0.136251 0.926077 0.332602 0.578066 
0.682076 0.936321 0.951349 0.122685 0.0664946 0.523688 
0.988986 0.386695 0.738682 0.388886 0.775809 0.185473 
0.935851 0.883825 0.258115 0.282307 0.485758 0.602597 
0.29007 0.727686 0.545491 0.0752534 0.935471 0.510882 
0.157637 0.17318 0.457951 0.769527 0.188315 0.438243 
0.2114 0.795981 0.756864 0.315116 0.058594 0.378588 
0.194158 0.200446 0.0416059 0.00735319 0.854682 0.190408 
0.687922 0.783085 0.310726 0.156545 0.993924 0.238319 
0.663004 0.936809 0.748002 0.560877 0.118214 0.234872 
0.790455 0.368777 0.775476 0.0618465 0.244301 0.929073 
0.787473 0.196701 0.0446067 0.259319 0.326049 0.572697 
0.183283 0.213581 0.732926 0.843113 0.393013 0.559551 
0.201978 0.433248 0.205737 0.752043 0.567454 0.471447 
0.820977 0.935662 0.271761 0.069711 0.252973 0.591614 
0.401015 0.0847405 0.290355 0.24312 0.874696 0.0458832 
0.840221 0.175569 0.0342166 0.339183 0.838025 0.609232 
0.269255 0.71068 0.909241 0.347469 0.972703 0.469027 
0.67965 0.329914 0.864211 0.814028 0.829764 0.299994 
0.261907 0.0540725 0.750959 0.62813 0.488238 0.787995 
0.94117 0.549564 0.414928 0.721015 0.98092 0.651581 
0.484852 0.0208404 0.0632167 0.450512 0.00854137 0.597472 
0.329771 0.686504 0.210851 0.276135 0.342703 0.810454 
0.33013 0.911346 0.247647 0.59398 0.0895097 0.554148 
0.811033 0.480789 0.100323 0.98043 0.267107 0.7557 
0.916442 0.144657 0.75472 0.807302 0.31906 0.926743 
0.286622 0.658658 0.573348 0.15066 0.684293 0.888841 
0.0151119 0.606216 0.18221 0.660199 0.611385 0.871253 
0.205133 0.230721 0.641698 0.0909909 0.196328 0.164533 
0.80741 0.347786 0.959514 0.0862904 0.0299552 0.520971 
0.363261 0.349941 0.857935 0.865621 0.232387 0.42702 
0.884832 0.222086 0.166671 0.465906 0.972868 0.941957 
0.28434 0.82061 0.9864 0.766083 0.879184 0.160623 
0.844526 0.505759 0.909438 0.353539 0.135973 0.652145 
0.0469192 0.40504 0.816849 0.184584 0.730073 0.631963 
0.489049 0.0637599 0.395997 0.721308 0.222298 0.896285 
0.908127 0.671246 0.684583 0.774406 0.625127 0.0929831 
0.246955 0.87774 0.801584 0.999254 0.834031 0.849557 
0.568074 0.894588 0.642754 0.0937277 0.405107 0.397912 
0.17227 0.000328901 0.406141 0.733283 0.466728 0.163005 
0.799323 0.189604 0.342118 0.650469 0.921848 0.702608 
0.11388 0.646962 0.134763 0.558739 0.906244 0.186008 
0.359146 0.104583 0.647316 0.131132 0.225422 0.570719 
0.250496 0.488336 0.550268 0.072459 0.394711 0.76155 
0.610545 0.506367 0.314798 0.275195 0.954467 0.110551 
0.612898 0.727832 0.715404 0.275984 0.908271 0.120164 
0.826781 0.00972601 0.553595 0.936083 0.727714 0.0827162 
0.412318 0.602689 0.588162 0.552391 0.690437 0.185345 
0.614384 0.140658 0.270249 0.591799 0.208274 0.95444 
0.529856 0.443015 0.898702 0.00660991 0.625884 0.803248 
0.0465121 0.786588 0.734757 0.393271 0.0219179 0.885232 
0.900437 0.883729 0.197447 0.0866455 0.0263227 0.0644435 
0.302004 0.666948 0.701578 0.617321 0.201984 0.41545 
0.0773594 0.536205 0.649225 0.317729 0.0595773 0.642291 
0.0130678 0.022916 0.245421 0.569083 0.214445 0.228569 
0.969364 0.575545 0.384776 0.325238 0.808671 0.799288 
0.644486 0.42481 0.382322 0.717684 0.729729 0.0991236 
0.790685 0.25801 0.772055 0.941504 0.0824435 0.576584 
0.271954 0.984166 0.787468 0.874544 0.510682 0.169944 
0.69129 0.535038 0.838993 0.999123 0.342713 0.516244 
0.820835 0.308419 0.250907 0.242152 0.443156 0.16264 
0.0171925 0.0115403 0.606079 0.844347 0.368299 0.962201 
0.2835 0.803354 0.125212 0.220801 0.905807 0.00202651 
0.600368 0.957166 0.574691 0.0348148 0.329914 0.864457 
0.343014 0.815445 0.178822 0.390114 0.831218 0.0807674 
0.0682266 0.09621 0.961149 0.841883 0.736689 0.894669 
0.862312 0.290431 0.290549 0.887896 0.738181 0.415972 
0.257108 0.395517 0.177233 0.662685 0.485099 0.498042 
0.535221 0.830995 0.415724 0.00378232 0.338136 0.461012 
0.643502 0.641403 0.804074 0.212588 0.945364 0.279563 
0.480446 0.516588 0.871733 0.833715 0.152011 0.122196 
0.963328 0.316344 0.932152 0.277398 0.392013 0.150642 
0.529367 0.198053 0.941869 0.93757 0.60899 0.453195 
0.661392 0.618661 0.734074 0.719631 0.633053 0.0872021 
0.814237 0.0627227 0.587045 0.806953 0.682568 0.27577 
0.108469 0.733196 0.219691 0.619176 0.554959 0.485472 
0.153245 0.0747212 0.854049 0.652972 0.686308 0.807425 
0.660009 0.676604 0.666801 0.240224 0.833546 0.0595314 
0.32161 0.854834 0.808734 0.287853 0.945057 0.960511 
0.0488192 0.0501788 0.839808 0.309129 0.524168 0.720128 
0.0854408 0.386679 0.233669 0.10701 0.905929 0.0106438 
0.856997 0.756129 0.491382 0.658062 0.215514 0.0557906 
0.516898 0.307359 0.844764 0.512232 0.0847763 0.963648 
0.659392 0.486075 0.486053 0.418564 0.7743 0.530302 
0.12259 0.785003 0.0245771 0.785191 0.984189 0.396246 
0.842992 0.543784 0.806927 0.727659 0.139236 0.73817 
0.146388 0.188391 0.212968 0.582603 0.26625 0.595383 
0.818944 0.117187 0.882833 0.613449 0.378162 0.825228 
0.196071 0.549857 0.553726 0.0920229 0.133023 0.812996 
0.456161 0.603465 0.348728 0.531962 0.260857 0.101306 
0.115953 0.514926 0.225975 0.99738 0.594026 0.00888172 
0.506232 0.545656 0.632113 0.727155 0.583328 0.821143 
0.86461 0.871927 0.615804 0.163099 0.161705 0.274479 
0.993849 0.356408 0.834181 0.815785 0.080261 0.572175 
0.640992 0.273281 0.542169 0.287932 0.28362 0.0847383 
0.17799 0.940079 0.932491 0.818985 0.953024 0.649157 
0.849666 0.0571214 0.301702 0.997726 0.802792 0.768732 
0.607683 0.591389 0.899647 0.93448 0.376044 0.292988 
0.171756 0.64008 0.895063 0.616681 0.342831 0.85792 
0.192136 0.743115 0.751108 0.834096 0.15827 0.988134 
0.249033 0.458128 0.823987 0.385668 0.430622 0.879881 
0.820143 0.0236846 0.0839849 0.152083 0.307055 0.569931 
0.1582 0.358854 0.131661 0.242548 0.0283634 0.0625504 
0.962256 0.917685 0.272162 0.298295 0.0565016 0.400651 
0.827197 0.535971 0.201103 0.914352 0.892254 0.0370432 
0.0581178 0.339695 0.869269 0.143834 0.727951 0.0767822 
0.592442 0.754442 0.998372 0.142407 0.0305777 0.530388 
0.875624 0.478964 0.959668 0.0238239 0.492337 0.732762 
0.994418 0.363516 0.696845 0.10957 0.235391 0.856392 
0.17756 0.904946 0.808916 0.698435 0.674308 0.969807 
0.444169 0.885704 0.638268 0.974153 0.742821 0.509602 
0.434967 0.25953 0.430145 0.415011 0.85429 0.907103 
0.215063 0.916416 0.763152 0.303841 0.687489 0.653388 
0.674324 0.339175 0.353197 0.796278 0.143724 0.937208 
