3
100
0.197375 0.738824 0.600654
0.496749 0.0479303 0.613629
0.857547 0.791308 0.860911
0.89254 0.59693 0.223868
0.902524 0.445648 0.0614715
0.559595 0.824049 0.441463
0.482079 0.586548 0.179458
0.40952 0.204012 0.729261
0.10216 0.256245 0.509628
0.814671 0.585672 0.327772
0.840282 0.3699 0.428867
0.254912 0.781913 0.0326017
0.182152 0.047164 0.337857
0.922024 0.406231 0.797851
0.0404381 0.899953 0.47355
0.937866 0.763727 0.185099
0.921101 0.29772 0.310236
0.987398 0.24632 0.724826
0.0315464 0.933986 0.218079
0.171175 0.855704 0.504115
0.453011 0.911477 0.524647
0.613797 0.68789 0.295754
0.85 0.807003 0.0113237
0.552311 0.165391 0.930016
0.3123 0.792133 0.638726
0.164413 0.693924 0.164957
0.372921 0.205109 0.644764
0.737245 0.510287 0.782881
0.255698 0.312362 0.117404
0.640546 0.591677 0.766605
0.9732 0.204027 0.52034
0.667319 0.369896 0.726643
0.534069 0.842957 0.952348
0.947463 0.80203 0.700734
0.908901 0.821681 0.851011
0.694822 0.600585 0.287072
0.0618621 0.901588 0.47508
0.238409 0.231476 0.293282
0.78275 0.749696 0.774455
0.570479 0.550883 0.462333
0.424943 0.203596 0.144025
0.621062 0.690653 0.12965
0.968765 0.14167 0.641176
0.474593 0.303862 0.593778
0.0466969 0.012255 0.943343
0.572367 0.519614 0.749885
0.105544 0.211455 0.155396
0.432281 0.282694 0.99978
0.712458 0.268759 0.471161
0.721137 0.251612 0.945891
0.95786 0.200983 0.593667
0.862256 0.704993 0.944283
0.900177 0.183086 0.7959
0.39885 0.551295 0.411867
0.203219 0.663715 0.420672
0.67141 0.64248 0.102361
0.815013 0.388565 0.619274
0.249846 0.357047 0.439513
0.481664 0.79774 0.054741
0.105291 0.783681 0.0225682
0.280649 0.875891 0.61286
0.481439 0.770331 0.0445654
0.381873 0.351762 0.955259
0.797798 0.879693 0.710561
0.586761 0.908286 0.290487
0.636545 0.174179 0.575862
0.402693 0.567161 0.672361
0.903521 0.703963 0.00635336
0.740322 0.268183 0.876405
0.20876 0.605376 0.0723462
0.997293 0.795943 0.322835
0.328158 0.230776 0.479595
0.236409 0.536339 0.103206
0.684203 0.307825 0.127328
0.490559 0.152147 0.151756
0.729042 0.235766 0.993123
0.698107 0.979462 0.598916
0.634055 0.31261 0.933578
0.480767 0.699605 0.316264
0.524568 0.566369 0.92922
0.0307565 0.26426 0.346485
0.506086 0.750678 0.738258
0.0483193 0.7176 0.477113
0.913267 0.183584 0.956471
0.602258 0.362809 0.0658509
0.624566 0.462402 0.173207
0.387885 0.287083 0.24796
0.184981 0.535724 0.587157
0.935851 0.883825 0.258115
0.201978 0.433248 0.205737
0.33013 0.911346 0.247647
0.844526 0.505759 0.909438
0.250496 0.488336 0.550268
0.0773594 0.536205 0.649225
0.600368 0.957166 0.574691
0.661392 0.618661 0.734074
0.659392 0.486075 0.486053
0.993849 0.356408 0.834181
0.962256 0.917685 0.272162
0.674324 0.339175 0.353197
